11001000000000000000000000000000
10001000000000000000000011010100
01001000001000010000000000000000
01000000000001100000000011111111
01000000000001110000000000011000
01000000000001110000000000010000
01000000000001110000000000001000
01000000000001110000000000011000
01000000000001110000000000010000
01000000000001110000000000001000
00000000000000100100000000000000
00000001000000110100000000000000
00000001000001000100000000000000
00000001000001010100000000000000
01000101000000010000000000000000
10001000000000000000000001000010
01001000001000100000000000000000
01000000000001000000001100010000
01110100100100000000000000000000
01000100100000100000000000000000
01111000100100000000000000000000
10000000000011110000000001001001
01000000000011100000000000000001
10000001110011110000000001001101
01000000000011100000000000000010
10000001110011110000000001011110
01000000000011100000000000000011
10000001110011110000000001100010
01001000001000100000000000000000
01000000000001000000000000001111
01000000000001010000000000001111
00000000011001000001100000000000
01001000010000110000000000000000
01000100001000110000000000000000
10000000000011110000000000101101
01000000000011100000000000000001
10000001110011110000000001111101
01000000000011100000000000000010
10000001110011110000000010000000
01000000000011100000000000000011
10000001110011110000000010000011
10001000000000000000000010000110
01000000000001000000000000000100
10000000100000110000000000101111
10001000000000000000000000011100
01000000010000100000000000000001
10001000000000000000000000101010
01001000001000100000000000000000
01000000000001010000001100010000
01110100101100000000000000000000
01000000000000110000000000000010
01000000000000110000000000000001
00000000010000110001000000000001
01000000000000110000000000000100
01000000010000100000000010111000
01001000010001000000000000000000
01000100101001000000000000000000
01111000101100010000000000000000
10001000000000000000000001000110
01000000000001100000001100000100
01000100110000010000000000000000
01000100110000100000000000000100
01000100110001110000000000001000
01001000001000101111111111111100
01000100001000100000000000000000
10001000000000000000000000000010
01001000110000010000000000000000
00000000000000000001000000000000
01000000000011110000000000000000
10001000000000000000000000101010
01000000001000011111111111111100
01000000000011110000000000000000
10001000000000000000000000010000
00110010000100101001000000000000
01000000001000010000000000000100
01000000000011110000000000000001
10001000000000000000000000010000
01000000000000010000001100010000
01110100001100110000000000000000
01001000001000110000000000000000
01001000110000010000000000000000
01001000110000100000000000000100
01001000110001110000000000001000
01000100001000110000000000000000
01000000001000010000000000000001
10001000000000000000000001101100
01000000000001100000001100000100
01000100110000010000000000000000
01000100110000100000000000000100
01000100110001110000000000001000
01001000001000101111111111111100
01000100001000100000000000000000
01000000000011110000000000000010
10001000000000000000000000010000
00110010000100011000100000000000
01000000001000011111111111110000
01000000000011110000000000000011
10001000000000000000000000010000
01000000000000010000001100010000
01110100001100000000000000000000
01001000001000110000000000000000
01001000110000010000000000000000
01001000110000100000000000000100
01001000110001110000000000001000
01000100001000110000000000000000
01000000001000010000000000000001
10000100010000010000000001101100
10001000000000000000000011001100
01000000000000110000000000000011
10000000011000000000000000111011
10001000000000000000000001010110
01000000000000100000000011100100
01111000010100000000000000000000
01000000000000110000001100010000
01110100011100010000000000000000
01001000001001000000000000000000
01000100011001000000000000000000
01111000011100010000000000000000
01110100011100010000000000000000
01001000011001000000000000000000
01000100001001000000000000000000
10001000000000000000000011000101
00000000001000000001000000000000
01000000000011110000000000000001
10001000000000000000000000011100
01000000000000100000000000000100
01000000000011110000000000000010
10001000000000000000000000011100
01000000000000100000000000000100
01000000000011110000000000000011
10001000000000000000000000011100
01000000000000100000000000000100
01000000000011110000000000000100
10001000000000000000000000011100
01000000000010010000001100000100
01000000000010100000000000010000
01000000000010110000000011111111
01001001001000010000000000000000
01001001001000100000000000000100
01001001001000110000000000001000
01001001001001000000000000001100
010000000000101111111111000000001111111111111111
01001001001000010000000000000000
00000000001001010000100000000000
01001001001000100000000000000100
00000000010001100001000000000000
01001001001000110000000000001000
00000000011001110001100000000000
01001001001001000000000000001100
00000000100010000010000000000000
01000101001000010000000000000000
01000101001000100000000000000100
01000101001000110000000000001000
01000101001001000000000000001100
01000000000010100000000000001000
01000000000010110000000011111111
01001001001000010000000000000000
01001001001000100000000000000100
01001001001000110000000000001000
01001001001001000000000000001100
010000000000101111111111111111110000000011111111
01001001001000010000000000000000
00000000001001010000100000000000
01001001001000100000000000000100
00000000010001100001000000000000
01001001001000110000000000001000
00000000011001110001100000000000
01001001001001000000000000001100
00000000100010000010000000000000
01000101001000010000000000000000
01000101001000100000000000000100
01000101001000110000000000001000
01000101001001000000000000001100
01000000000010100000000000000000
01000000000010110000000011111111
01001001001000010000000000000000
01001001001000100000000000000100
01001001001000110000000000001000
01001001001001000000000000001100
010000000000101111111111111111111111111100000000
01001001001000010000000000000000
00000000001001010000100000000000
01001001001000100000000000000100
00000000010001100001000000000000
01001001001000110000000000001000
00000000011001110001100000000000
01001001001001000000000000001100
00000000100010000010000000000000
01000101001000010000000000000000
01000101001000100000000000000100
01000101001000110000000000001000
01000101001001000000000000001100
01000000000001000000001100000100
01001000100000010000000000000000
01001000100000100000000000000100
10000100010000010000000001101111
10001000000000000000000011000101
01000000000000110000000000010000
01111000001100010000000000000000
01000000000001010000100101001000
01111000101100100000000000000000
01000000001000010000000000000001
10000100010000010000000001111010
11000100000000000000000000000000
01001000000000010000100101001000
01111000001100000000000000000000
01001000000000010000000000000000
01000000001000010000000000010000
01111000001100010000000000000000
01000000000000010000000000000001
01000000000000100000000000001011
10001000000000000000000001111010
01000000000000010000000000000100
01000000000000100000000000101100
10001000000000000000000001101100
