11001000000000000000000000000000
10001000000000000000000101110010
01001000001000010000000000000000
01000000000001100000000011111111
01000000000001110000000000011000
01000000000001110000000000010000
01000000000001110000000000001000
01000000000001110000000000011000
01000000000001110000000000010000
01000000000001110000000000001000
00000000000000100100000000000000
00000001000000110100000000000000
00000001000001000100000000000000
00000001000001010100000000000000
01000101000000010000000000000000
10001000000000000000000000110011
01001000001000100000000000000000
01000000000001110000000000000100
01000000000001000000000000001111
01000000000001010000000000001111
00000000011001000001100000000000
01001000010000110000000000000000
01000100001000110000000000000000
10000000000011110000000000100010
01000000000011100000000000000001
10000001110011110000000011000111
01000000000011100000000000000010
10000001110011110000000011001010
01000000000011100000000000000011
10000001110011110000000011001101
10001000000000000000000011010000
01000000000001000000000000000100
10000000100000110000000000100100
10001000000000000000000000010000
01000000010000100000000000000001
10001000000000000000000000011111
01000000001000100000000000000000
01000000000000110000000000000010
01000000000000110000000000000001
00000000010000110001000000000001
01000000000000110000000000000100
01000000010000100000000010111000
01001000010001000000000000000000
01000000000000110000000000011000
10001000000000000000000000110111
01000000000001100000001100000100
01000100110000010000000000000000
01000100110000100000000000000100
01001000001000101111111111111100
01000100001000100000000000000000
10001000000000000000000000000010
01001000110000010000000000000000
00000000000000000001000000000000
01000000000011110000000000000000
10001000000000000000000000011111
01001000001001010000000000000000
01000000000010100000000000011000
01001000001001101111111111110000
00000000111000000100000000000000
01001000001001010000000000000000
01000000000010100000000000010000
01000000000010010000000011111111
01001000001001101111111111110000
00000001000001110100000000000000
01001000001001010000000000000000
01000000000010100000000000001000
01000000000010010000000011111111
01001000001001101111111111110000
00000001000001110100000000000000
01001000001001010000000000000000
01000000000010010000000011111111
01001000001001101111111111110000
00000001000001110100000000000000
01000100001010000000000000000000
01001000110000010000000000000000
01001000110000100000000000000100
01001000110001110000000000001000
01000000001000010000000000000001
10001000000000000000000001101110
01000000000001100000001100000100
01000100110000010000000000000000
01000100110000100000000000000100
01000100110001110000000000001000
01001000001000101111111111111100
01000100001000100000000000000000
01001000001001010000000000000000
01000000000010100000000000011000
01001000001001101111111111110000
00000000111000000100000000000000
01001000001001010000000000000000
01000000000010100000000000010000
01000000000010010000000011111111
01001000001001101111111111110000
00000001000001110100000000000000
01001000001001010000000000000000
01000000000010100000000000001000
01000000000010010000000011111111
01001000001001101111111111110000
00000001000001110100000000000000
01001000001001010000000000000000
01000000000010010000000011111111
01001000001001101111111111110000
00000001000001110100000000000000
01000100001010000000000000000000
01001000110000010000000000000000
01001000110000100000000000000100
01001000110001110000000000001000
01000000001000010000000000000001
10000100010000010000000001101110
10001000000000000000000101101011
01000000000000110000000000000011
10000000011000000000000000101101
10001000000000000000000001001111
01000000000000010000100101001000
01000000000000100000000011111000
01000000000011110000000000000000
01000000000011000000000000000000
01001000001000110000000000000000
01001000010001000000000000000000
01000000000001010000000000011000
01000000000001100000000011111111
01001000001000110000000000000000
01001000010001000000000000000000
01000000000001010000000000010000
00000001111011100111100000000000
01001000001000110000000000000000
01001000010001000000000000000000
01000000000001010000000000001000
00000001111011100111100000000000
01001000001000110000000000000000
01001000010001000000000000000000
00000001111011100111100000000000
01000000000001010000000000010000
01000000000001010000000000011000
01001000001000110000000000000100
01001000010001000000000000000100
01000000000001010000000000011000
01000000000001100000000011111111
01001000001000110000000000000100
01001000010001000000000000000100
01000000000001010000000000010000
00000001111011100111100000000000
01001000001000110000000000000100
01001000010001000000000000000100
01000000000001010000000000001000
00000001111011100111100000000000
01001000001000110000000000000100
01001000010001000000000000000100
00000001111011100111100000000000
01000000000001010000000000010000
01000000000001010000000000011000
00000001100011110110000000000000
01001000001000110000000000001000
01001000010001000000000000001000
01000000000001010000000000011000
01000000000001100000000011111111
01001000001000110000000000001000
01001000010001000000000000001000
01000000000001010000000000010000
00000001111011100111100000000000
01001000001000110000000000001000
01001000010001000000000000001000
01000000000001010000000000001000
00000001111011100111100000000000
01001000001000110000000000001000
01001000010001000000000000001000
00000001111011100111100000000000
01000000000001010000000000010000
01000000000001010000000000001000
00000001111001010110000000000000
01001000001000110000000000001100
01001000010001000000000000001100
01000000000001010000000000011000
01000000000001100000000011111111
01001000001000110000000000001100
01001000010001000000000000001100
01000000000001010000000000010000
00000001111011100111100000000000
01001000001000110000000000001100
01001000010001000000000000001100
01000000000001010000000000001000
00000001111011100111100000000000
01001000001000110000000000001100
01001000010001000000000000001100
00000001111011100111100000000000
01000000000001010000000000010000
01000000000001010000000000000000
00000001111001010110000000000000
10001000000000000000000100001111
11000100000000000000000000000000
01000000000001000000001100000100
01001000100000010000000000000000
01001000100000100000000000000100
10000100010000010000000010111101
01000100100000010000000000000000
01000100100000100000000000000100
00000000001000000001000000000000
01000000000011110000000000000001
10001000000000000000000000010000
01000000000000100000000000000100
01000000000011110000000000000010
10001000000000000000000000010000
01000000000000100000000000000100
01000000000011110000000000000011
10001000000000000000000000010000
01000000000000100000000000000100
01000000000011110000000000000100
10001000000000000000000000010000
01000000000010010000001100000100
01000000000010100000000000010000
01000000000010110000000011111111
01001001001000010000000000000000
01001001001000100000000000000100
01001001001000110000000000001000
01001001001001000000000000001100
010000000000101111111111000000001111111111111111
01001001001000010000000000000000
00000000001001010000100000000000
01001001001000100000000000000100
00000000010001100001000000000000
01001001001000110000000000001000
00000000011001110001100000000000
01001001001001000000000000001100
00000000100010000010000000000000
01000101001000010000000000000000
01000101001000100000000000000100
01000101001000110000000000001000
01000101001001000000000000001100
01000000000010100000000000001000
01000000000010110000000011111111
01001001001000010000000000000000
01001001001000100000000000000100
01001001001000110000000000001000
01001001001001000000000000001100
010000000000101111111111111111110000000011111111
01001001001000010000000000000000
00000000001001010000100000000000
01001001001000100000000000000100
00000000010001100001000000000000
01001001001000110000000000001000
00000000011001110001100000000000
01001001001001000000000000001100
00000000100010000010000000000000
01000101001000010000000000000000
01000101001000100000000000000100
01000101001000110000000000001000
01000101001001000000000000001100
01000000000010100000000000000000
01000000000010110000000011111111
01001001001000010000000000000000
01001001001000100000000000000100
01001001001000110000000000001000
01001001001001000000000000001100
010000000000101111111111111111111111111100000000
01001001001000010000000000000000
00000000001001010000100000000000
01001001001000100000000000000100
00000000010001100001000000000000
01001001001000110000000000001000
00000000011001110001100000000000
01001001001001000000000000001100
00000000100010000010000000000000
01000101001000010000000000000000
01000101001000100000000000000100
01000101001000110000000000001000
01000101001001000000000000001100
01000000000001000000001100000100
01001000100000010000000000000000
01001000100000100000000000000100
10000100010000010000000001110001
10001000000000000000000100001111
01000000000001000000000000000100
00000000000000100100100000000000
01000000100001000000000000000000
01001000000000010000001100000100
01001000100000100000000000000000
01000000000001110000000000011000
01001000000000010000001100000100
01001000100000100000000000000000
01000000000001110000000000010000
01000000000010000000000011111111
00000000110001000010100000000000
01001000000000010000001100000100
01001000100000100000000000000000
01000000000001110000000000001000
01000000000010000000000011111111
00000000110001000010100000000000
01001000000000010000001100000100
01001000100000100000000000000000
01000000000010000000000011111111
00000000110001000010100000000000
01000000000000010000001100000100
01000100001001010000000000000000
01001000000000010000001100000100
01001000100000100000000000000000
01000000001000010000000000000100
01000000010000100000000000000100
01001000100000100000000000000000
01000000000001110000000000011000
01001000000000010000001100000100
01001000100000100000000000000000
01000000000001110000000000010000
01000000000010000000000011111111
00000000110001000010100000000000
01001000000000010000001100000100
01001000100000100000000000000000
01000000000001110000000000001000
01000000000010000000000011111111
00000000110001000010100000000000
01001000000000010000001100000100
01001000100000100000000000000000
01000000000010000000000011111111
00000000110001000010100000000000
01000000000000010000001100000100
01000000000000010000000000000100
01000100001001010000000000000000
01001000000000010000001100000100
01001000100000100000000000000000
01000000001000010000000000001000
01000000010000100000000000001000
01001000100000100000000000000000
01000000000001110000000000011000
01001000000000010000001100000100
01001000100000100000000000000000
01000000000001110000000000010000
01000000000010000000000011111111
00000000110001000010100000000000
01001000000000010000001100000100
01001000100000100000000000000000
01000000000001110000000000001000
01000000000010000000000011111111
00000000110001000010100000000000
01001000000000010000001100000100
01001000100000100000000000000000
01000000000010000000000011111111
00000000110001000010100000000000
01000000000000010000001100000100
01000000000000010000000000001000
01000100001001010000000000000000
01001000000000010000001100000100
01001000100000100000000000000000
01000000001000010000000000001100
01000000010000100000000000001100
01001000100000100000000000000000
01000000000001110000000000011000
01001000000000010000001100000100
01001000100000100000000000000000
01000000000001110000000000010000
01000000000010000000000011111111
00000000110001000010100000000000
01001000000000010000001100000100
01001000100000100000000000000000
01000000000001110000000000001000
01000000000010000000000011111111
00000000110001000010100000000000
01001000000000010000001100000100
01001000100000100000000000000000
01000000000010000000000011111111
00000000110001000010100000000000
01000000000000010000001100000100
01000000000000010000000000001100
01000100001001010000000000000000
10001000000000000000000010111110
01000000000000010000000000000001
01000000000000100000000000001011
01000000000000110000001100000100
01000100011000010000000000000000
01000100011000100000000000000100
00000000001000000001000000000000
10001000000000000000000100001111
01000000000000010000000000000100
01000000000000100000000000101100
10001000000000000000000001101110
